  -1.5241556e+00  -1.5190345e+00  -1.5202466e+00  -1.3008934e+01  -1.0748291e+01   1.0000000e+00             Inf
  -3.4794908e-03   5.9147068e-04  -3.0337810e-05  -1.9991759e+01   1.3652980e-02   1.0000000e+00             Inf
   8.6300117e-05  -7.0817562e-04  -5.0669182e-01  -1.9034845e+01   1.2636810e-02   1.0000000e+00   1.3785179e-01
  -3.1034497e-04   1.3521723e-03  -1.5246107e+00  -1.7369033e+01  -3.5761052e+00   1.0000000e+00   1.2506739e-01
  -7.9894593e-01   2.3684517e-04  -1.1250833e+00  -1.6508264e+01  -3.5773888e+00   1.0000000e+00   1.2437670e-01
   1.5960694e-04  -6.8043663e-04  -5.8446124e-01  -1.8895412e+01  -1.8526306e-01   1.0000000e+00   1.3616576e-02
   1.6113101e-04  -8.9783603e-05  -7.2918149e-01  -1.8642623e+01  -7.0053839e-01   1.0000000e+00   1.2908242e-02
  -5.1282675e-05   3.5821384e-05  -7.4507654e-01  -1.8615434e+01  -7.6763191e-01   1.0000000e+00   1.2569811e-02
  -1.3482599e+00  -1.0079402e+00  -1.2988094e+00  -1.4339230e+01  -8.6233629e+00   1.0000000e+00   1.1818221e-02
  -1.3059557e+00  -1.0928285e+00  -1.3175264e+00  -1.4214578e+01  -8.9734468e+00   1.0000000e+00   1.1802063e-02
  -1.3713221e+00  -1.2514801e+00  -1.3587444e+00  -1.3809442e+01  -9.8974398e+00   1.0000000e+00   1.0888471e-02
  -1.0788020e+00   1.6999926e-03  -1.1147545e+00  -1.6060821e+01  -4.8824868e+00   1.0000000e+00   1.0810082e-02
   2.6919554e-04  -3.0485905e-04  -1.0263045e+00  -1.8143535e+01  -2.1054960e+00   1.0000000e+00   1.0428914e-02
   7.8393010e-04   1.4913533e-04  -1.1589296e+00  -1.7929563e+01  -2.7182133e+00   1.0000000e+00   1.0360027e-02
  -1.4143944e+00  -1.2862112e+00  -1.3721375e+00  -1.3687577e+01  -1.0119784e+01   1.0000000e+00   1.0207263e-02
  -1.0608540e+00   1.2210695e-03  -1.1238476e+00  -1.6075266e+01  -4.8396713e+00   1.0000000e+00   1.0192251e-02
  -1.2649285e+00  -1.1180392e+00  -1.3365548e+00  -1.4191931e+01  -9.0114457e+00   1.0000000e+00   1.0169462e-02
  -1.4272327e+00  -3.4226303e-05  -1.4263893e+00  -1.5034839e+01  -7.0346862e+00   1.0000000e+00   1.0066640e-02
  -2.0509906e-04   7.4304745e-04  -1.3272162e+00  -1.7667118e+01  -3.3117323e+00   1.0000000e+00   1.0035549e-02
  -6.2164300e-06  -4.6305850e-04  -1.0971093e+00  -1.8028903e+01  -2.4443874e+00   1.0000000e+00   9.9573224e-03
   9.0166439e-04  -3.1724699e-04  -9.0502232e-01  -1.8342405e+01  -1.5034873e+00   1.0000000e+00   9.9279085e-03
  -9.6809051e-01   1.1184194e-03  -1.0249084e+00  -1.6386346e+01  -3.9182495e+00   1.0000000e+00   9.8801782e-03
  -1.2277342e+00  -9.3269003e-01  -1.2806045e+00  -1.4630858e+01  -7.8227053e+00   1.0000000e+00   9.6394725e-03
  -1.2176639e+00  -8.5403484e-01  -1.2608866e+00  -1.4801350e+01  -7.3362236e+00   1.0000000e+00   9.5712824e-03
   1.8217305e-04  -7.1935910e-06  -8.1265991e-01  -1.8499524e+01  -1.0660423e+00   1.0000000e+00   9.5671942e-03
  -1.4498424e+00   2.6954118e-05  -1.4680647e+00  -1.4938522e+01  -7.1067310e+00   1.0000000e+00   9.5352406e-03
  -1.1136008e+00   2.2560013e-04  -1.1292066e+00  -1.5981835e+01  -5.1137407e+00   1.0000000e+00   9.4931865e-03
  -1.3610248e-04  -3.0503621e-04  -1.0183230e+00  -1.8156691e+01  -2.0669859e+00   1.0000000e+00   9.4026335e-03
  -1.2880350e+00  -1.0304924e+00  -1.2896208e+00  -1.4378046e+01  -8.5402211e+00   1.0000000e+00   9.3892545e-03
  -1.2713781e+00  -1.0739823e+00  -1.2818923e+00  -1.4325931e+01  -8.6723062e+00   1.0000000e+00   9.3807975e-03
  -1.7842616e-04   7.2868386e-04  -1.3170349e+00  -1.7682790e+01  -3.2842927e+00   1.0000000e+00   9.3801500e-03
   6.8288047e-04  -3.8739747e-04  -1.0638747e+00  -1.8081810e+01  -2.2853454e+00   1.0000000e+00   9.2750230e-03
  -1.1116560e+00   2.7836974e-04  -1.1739321e+00  -1.5913898e+01  -5.2975905e+00   1.0000000e+00   9.2646332e-03
  -9.9756345e-01   1.0225274e-03  -1.0809735e+00  -1.6247081e+01  -4.3342599e+00   1.0000000e+00   9.2369846e-03
  -1.2969849e+00  -1.0319661e+00  -1.2961471e+00  -1.4358022e+01  -8.5945778e+00   1.0000000e+00   9.2339879e-03
   4.8248823e-04   8.1379103e-05  -7.0553391e-01  -1.8682987e+01  -6.0399788e-01   1.0000000e+00   9.1362220e-03
  -1.2618481e+00  -8.2714239e-01  -1.2402498e+00  -1.4817057e+01  -7.2958720e+00   1.0000000e+00   9.1274053e-03
   7.9473285e-04  -8.8153968e-04  -1.3595220e+00  -1.7616897e+01  -3.3883924e+00   1.0000000e+00   9.0486363e-03
  -1.0805071e+00   2.9375366e-04  -1.1728939e+00  -1.5965575e+01  -5.1487723e+00   1.0000000e+00   8.9973729e-03
  -1.1862762e+00   1.7261494e-04  -1.2104808e+00  -1.5737706e+01  -5.7675085e+00   1.0000000e+00   8.7636624e-03
  -3.5342010e-04   1.8210487e-04  -8.9720428e-01  -1.8356579e+01  -1.4676306e+00   1.0000000e+00   8.7574656e-03
  -1.3307945e+00  -9.4450771e-04  -1.3171673e+00  -1.5347260e+01  -6.6103526e+00   1.0000000e+00   8.7334032e-03
  -9.4980334e-01   9.5894560e-04  -9.9314759e-01  -1.6468451e+01  -3.6715823e+00   1.0000000e+00   8.7173401e-03
  -1.4020091e+00  -6.0920954e-04  -1.3738511e+00  -1.5152268e+01  -6.9030941e+00   1.0000000e+00   8.6425439e-03
  -1.4601324e-04   7.2717865e-04  -1.3404599e+00  -1.7646891e+01  -3.3461127e+00   1.0000000e+00   8.6220487e-03
   2.3961848e-04  -3.2085540e-04  -1.1081885e+00  -1.8011255e+01  -2.4947602e+00   1.0000000e+00   8.6182353e-03
  -1.1894536e+00   1.5557681e-04  -1.1600754e+00  -1.5812230e+01  -5.5754897e+00   1.0000000e+00   8.6065476e-03
  -1.1033501e+00   1.5449102e-04  -1.1235282e+00  -1.6007326e+01  -5.0417390e+00   1.0000000e+00   8.5718849e-03
  -1.2522228e+00  -9.3906391e-01  -1.2570140e+00  -1.4618757e+01  -7.8643139e+00   1.0000000e+00   8.4164363e-03
  -8.2344328e-01  -1.3575275e-03  -1.1313480e+00  -1.6456605e+01  -3.7141274e+00   1.0000000e+00   8.3911104e-03
  -1.2485681e+00   1.8102884e-04  -1.2274113e+00  -1.5613510e+01  -6.0679821e+00   1.0000000e+00   8.3779061e-03
  -8.2658301e-05  -1.0645887e-03  -1.3684278e+00  -1.7603576e+01  -3.4101558e+00   1.0000000e+00   8.3735977e-03
   3.1417715e-04  -3.0709691e-04  -1.0335504e+00  -1.8131675e+01  -2.1406665e+00   1.0000000e+00   8.3320638e-03
   1.9906777e-04  -5.0851387e-04  -1.0721610e+00  -1.8068903e+01  -2.3261747e+00   1.0000000e+00   8.3038661e-03
   2.2525553e-04  -1.3753711e-04  -7.5878708e-01  -1.8591439e+01  -8.2472235e-01   1.0000000e+00   8.2946730e-03
  -1.1094822e+00   8.0961233e-05  -1.1069616e+00  -1.6024005e+01  -4.9950311e+00   1.0000000e+00   8.2942684e-03
   2.3067712e-04  -1.5351297e-04  -7.6588219e-01  -1.8579229e+01  -8.5534197e-01   1.0000000e+00   8.2913234e-03
   3.7788441e-04   9.5485718e-05  -6.9724330e-01  -1.8697597e+01  -5.7188186e-01   1.0000000e+00   8.2570400e-03
  -4.8246127e-04  -1.1812235e-04  -8.4445002e-01  -1.8445025e+01  -1.2128042e+00   1.0000000e+00   8.2550040e-03
  -1.4424020e+00  -1.3448848e+00  -1.4439854e+00  -1.3479815e+01  -1.0436830e+01   1.0000000e+00   8.2414760e-03
  -4.7532379e-04   7.7737715e-04  -1.2858008e+00  -1.7730621e+01  -3.1908177e+00   1.0000000e+00   8.2401911e-03
  -1.2818057e-04  -3.5513984e-04  -9.1627184e-01  -1.8324808e+01  -1.5616256e+00   1.0000000e+00   8.2082017e-03
   7.9779897e-04  -1.7591530e-04  -8.3770380e-01  -1.8455788e+01  -1.1795412e+00   1.0000000e+00   8.1966609e-03
  -1.2390665e+00   4.6632484e-03  -1.2450030e+00  -1.5600824e+01  -6.0853872e+00   1.0000000e+00   8.1763118e-03
  -1.3573446e+00  -1.2164967e+00  -1.3670435e+00  -1.3880270e+01  -9.7575447e+00   1.0000000e+00   8.1443882e-03
  -1.1848521e+00   2.1673705e-04  -1.1273546e+00  -1.5871549e+01  -5.4136705e+00   1.0000000e+00   8.1299311e-03
   6.8791085e-04  -3.9871915e-04  -1.0585075e+00  -1.8090472e+01  -2.2595997e+00   1.0000000e+00   8.1299019e-03
  -1.4390075e+00  -6.1612427e-04  -1.3806415e+00  -1.5086260e+01  -6.9704463e+00   1.0000000e+00   8.1282990e-03
  -3.7833934e-04  -1.3599136e-05  -9.6069982e-01  -1.8251156e+01  -1.7823427e+00   1.0000000e+00   8.1139950e-03
  -1.4412922e+00  -1.3630069e+00  -1.4437656e+00  -1.3447729e+01  -1.0477431e+01   1.0000000e+00   8.0813140e-03
  -1.3939612e+00  -1.2931407e+00  -1.3975082e+00  -1.3669829e+01  -1.0155909e+01   1.0000000e+00   8.0509306e-03
  -1.6526897e-04  -3.1074258e-04  -5.9858416e-01  -1.8871012e+01  -2.2872932e-01   1.0000000e+00   8.0418133e-03
  -1.2202067e+00   2.2842170e-04  -1.1855710e+00  -1.5723564e+01  -5.8015350e+00   1.0000000e+00   8.0249472e-03
  -1.3315356e+00  -1.1155097e+00  -1.3167595e+00  -1.4146293e+01  -9.1459557e+00   1.0000000e+00   8.0001743e-03
   2.2703296e-04  -2.6532474e-04  -1.1260529e+00  -1.7982782e+01  -2.5759369e+00   1.0000000e+00   7.9879589e-03
  -6.9736638e-05  -9.3274427e-04  -1.4506613e+00  -1.7479775e+01  -3.5417819e+00   1.0000000e+00   7.9878928e-03
   4.2987823e-04   4.6441744e-05  -7.1207884e-01  -1.8671741e+01  -6.3035605e-01   1.0000000e+00   7.9513591e-03
  -1.2835943e+00  -1.0813329e+00  -1.2874848e+00  -1.4292893e+01  -8.7637876e+00   1.0000000e+00   7.9400444e-03
  -1.3084137e-04  -3.1323062e-04  -9.1144966e-01  -1.8332918e+01  -1.5380082e+00   1.0000000e+00   7.9221732e-03
  -1.2893721e+00  -1.0273778e+00  -1.3024664e+00  -1.4367668e+01  -8.5678157e+00   1.0000000e+00   7.9183514e-03
  -1.3959283e+00  -5.0323196e-04  -1.3897418e+00  -1.5137354e+01  -6.9241651e+00   1.0000000e+00   7.9138697e-03
  -9.5283169e-01   1.0144664e-03  -1.0684299e+00  -1.6340927e+01  -4.0530567e+00   1.0000000e+00   7.8917227e-03
  -1.1474010e+00   2.0833699e-04  -1.1273197e+00  -1.5930925e+01  -5.2557863e+00   1.0000000e+00   7.8700821e-03
   2.2693900e-04  -2.6675582e-04  -1.1176319e+00  -1.7996237e+01  -2.5380197e+00   1.0000000e+00   7.8656889e-03
  -1.3284795e+00  -1.0710863e+00  -1.3193464e+00  -1.4227063e+01  -8.9385787e+00   1.0000000e+00   7.8611636e-03
  -2.8220248e-03   7.3361964e-05  -6.4921507e-01  -1.8776689e+01  -3.8739660e-01   1.0000000e+00   7.8252506e-03
  -1.2554423e+00  -9.0431909e-01  -1.2781752e+00  -1.4649955e+01  -7.7739985e+00   1.0000000e+00   7.7968976e-03
  -1.3291797e+00  -1.0470760e-03  -1.3289949e+00  -1.5331580e+01  -6.6377340e+00   1.0000000e+00   7.7841955e-03
  -1.2867158e+00  -1.0245121e+00  -1.2885178e+00  -1.4391498e+01  -8.5034958e+00   1.0000000e+00   7.7332540e-03
  -1.2489752e+00   2.2620894e-04  -1.1972846e+00  -1.5660156e+01  -5.9534136e+00   1.0000000e+00   7.7280257e-03
   2.2462363e-04  -3.1091541e-04  -1.1349622e+00  -1.7968501e+01  -2.6154163e+00   1.0000000e+00   7.7143679e-03
   6.5718332e-04   1.4786454e-04  -1.1991615e+00  -1.7866251e+01  -2.8842428e+00   1.0000000e+00   7.6628380e-03
  -1.2533999e+00  -1.1381680e+00  -1.3338568e+00  -1.4169610e+01  -9.0551972e+00   1.0000000e+00   7.6488058e-03
  -1.2607892e+00  -4.5298318e-04  -1.2303004e+00  -1.5589973e+01  -6.1196994e+00   1.0000000e+00   7.6307566e-03
   9.2991959e-05  -2.3781674e-04  -1.0063395e+00  -1.8176423e+01  -2.0085374e+00   1.0000000e+00   7.5814292e-03
  -1.3922679e+00  -6.0527415e-04  -1.3718053e+00  -1.5170110e+01  -6.8816383e+00   1.0000000e+00   7.5732680e-03
  -1.2489788e+00  -7.8740903e-01  -1.2619432e+00  -1.4869926e+01  -7.1453359e+00   1.0000000e+00   7.5701105e-03
  -5.2736065e-04  -6.1825725e-05  -9.2320993e-01  -1.8312957e+01  -1.5955805e+00   1.0000000e+00   7.5343479e-03
  -1.3570457e+00  -1.2238854e+00  -1.3671369e+00  -1.3866803e+01  -9.7849587e+00   1.0000000e+00   7.5103349e-03
  -1.2489374e+00  -8.8554224e-01  -1.2482119e+00  -1.4725593e+01  -7.5588349e+00   1.0000000e+00   7.4880105e-03
  -1.0762202e+00   1.1367602e-03  -1.1245264e+00  -1.6049363e+01  -4.9160871e+00   1.0000000e+00   7.4792288e-03
  -1.3959228e+00  -1.2163371e+00  -1.3760913e+00  -1.3831141e+01  -9.8544472e+00   1.0000000e+00   7.4750553e-03
  -1.0459527e+00   7.0385567e-03  -1.1108481e+00  -1.6120128e+01  -4.6948140e+00   1.0000000e+00   7.4434678e-03
  -9.3761813e-01   1.0755343e-03  -1.0655042e+00  -1.6370840e+01  -3.9634308e+00   1.0000000e+00   7.4125998e-03
  -9.7301428e-01   1.0259152e-03  -1.0028142e+00  -1.6414314e+01  -3.8343936e+00   1.0000000e+00   7.3257700e-03
  -1.2570892e+00  -8.9377786e-01  -1.2587134e+00  -1.4689199e+01  -7.6636123e+00   1.0000000e+00   7.3097122e-03
  -1.3741713e+00   1.5690587e-03  -1.3660496e+00  -1.5206308e+01  -6.8310173e+00   1.0000000e+00   7.3045164e-03
  -1.4691215e+00  -1.3834249e+00  -1.4521124e+00  -1.3374835e+01  -1.0555647e+01   1.0000000e+00   7.3009916e-03
  -1.4402301e+00   1.3766938e-03  -1.4588469e+00  -1.4966677e+01  -7.0833455e+00   1.0000000e+00   7.2971974e-03
  -1.2716857e+00  -9.5895694e-01  -1.2853292e+00  -1.4528261e+01  -8.1215529e+00   1.0000000e+00   7.2960801e-03
  -1.2473770e+00  -8.8667773e-01  -1.2550037e+00  -1.4717375e+01  -7.5825118e+00   1.0000000e+00   7.2882127e-03
  -1.4608180e+00  -1.3768204e+00  -1.4232049e+00  -1.3423111e+01  -1.0500620e+01   1.0000000e+00   7.2794838e-03
  -2.3904540e-04   7.4465364e-04  -1.2466947e+00  -1.7791593e+01  -3.0616877e+00   1.0000000e+00   7.2789952e-03
  -1.2726043e+00   3.0182520e-04  -1.1941977e+00  -1.5628291e+01  -6.0207967e+00   1.0000000e+00   7.2624399e-03
  -1.3278026e+00  -1.0940659e+00  -1.3181712e+00  -1.4187757e+01  -9.0415547e+00   1.0000000e+00   7.2618254e-03
  -1.2541540e+00  -9.0992185e-01  -1.2780119e+00  -1.4642125e+01  -7.7965885e+00   1.0000000e+00   7.2606841e-03
  -1.4444066e+00   1.4317348e-03  -1.4299589e+00  -1.5003697e+01  -7.0557013e+00   1.0000000e+00   7.2420701e-03
  -1.3488899e+00  -1.0429529e+00  -1.3215892e+00  -1.4251649e+01  -8.8609794e+00   1.0000000e+00   7.2384773e-03
  -1.3071929e+00  -1.1301108e+00  -1.3293541e+00  -1.4132199e+01  -9.1788353e+00   1.0000000e+00   7.2061256e-03
  -1.0808799e+00   1.0274005e-03  -1.0812933e+00  -1.6111203e+01  -4.7394638e+00   1.0000000e+00   7.1849108e-03
  -1.4528688e+00  -1.3902283e+00  -1.4378680e+00  -1.3391789e+01  -1.0538454e+01   1.0000000e+00   7.1791899e-03
  -3.3489677e-04   8.7762803e-05  -8.8731725e-01  -1.8373224e+01  -1.4198338e+00   1.0000000e+00   7.1735413e-03
  -1.3530621e+00   1.6148093e-03  -1.3786064e+00  -1.5219363e+01  -6.8106500e+00   1.0000000e+00   7.1548162e-03
  -1.2746520e+00  -1.0849132e+00  -1.2785939e+00  -1.4305755e+01  -8.7240043e+00   1.0000000e+00   7.0947373e-03
  -1.3962329e+00  -1.1654967e+00  -1.3530135e+00  -1.3947277e+01  -9.5999954e+00   1.0000000e+00   7.0714367e-03
  -1.2333435e+00   2.2927762e-04  -1.1885695e+00  -1.5698278e+01  -5.8625006e+00   1.0000000e+00   7.0706767e-03
  -1.0644013e+00   1.0966281e-03  -1.0714901e+00  -1.6153605e+01  -4.6147752e+00   1.0000000e+00   7.0570002e-03
   9.2085790e-05  -1.0918652e-03  -1.0426420e+00  -1.8115588e+01  -2.1831048e+00   1.0000000e+00   7.0207260e-03
  -2.2111884e-04   7.5228592e-04  -1.2273462e+00  -1.7821805e+01  -2.9917045e+00   1.0000000e+00   6.9790893e-03
  -1.2600575e+00   3.4058264e-04  -1.1958415e+00  -1.5645182e+01  -5.9854303e+00   1.0000000e+00   6.9693668e-03
  -1.2609252e+00  -8.8910605e-01  -1.2513697e+00  -1.4701344e+01  -7.6285536e+00   1.0000000e+00   6.9687934e-03
  -1.0754050e+00   2.3708443e-04  -1.1840663e+00  -1.5956148e+01  -5.1709807e+00   1.0000000e+00   6.9501390e-03
   1.0902989e-03   4.5310413e-05  -8.4972918e-01  -1.8434923e+01  -1.2362243e+00   1.0000000e+00   6.9374441e-03
  -1.3164321e+00  -1.0744978e+00  -1.3186795e+00  -1.4234988e+01  -8.9203026e+00   1.0000000e+00   6.9201986e-03
  -8.9526672e-07  -4.4554044e-04  -1.0861911e+00  -1.8046491e+01  -2.3936359e+00   1.0000000e+00   6.9074077e-03
  -1.3236209e+00  -1.1438588e+00  -1.3387383e+00  -1.4079322e+01  -9.3094221e+00   1.0000000e+00   6.9033997e-03
  -1.1730054e+00   2.8232280e-04  -1.2129237e+00  -1.5754835e+01  -5.7218563e+00   1.0000000e+00   6.8845814e-03
  -1.2561600e+00  -8.6449952e-01  -1.2501171e+00  -1.4750121e+01  -7.4886714e+00   1.0000000e+00   6.8753699e-03
  -1.0625205e+00   1.1196508e-03  -1.0678275e+00  -1.6162561e+01  -4.5883073e+00   1.0000000e+00   6.8519677e-03
  -1.2671241e+00  -9.6655987e-01  -1.2541760e+00  -1.4556283e+01  -8.0416849e+00   1.0000000e+00   6.8401903e-03
  -3.5242765e-04   1.2698393e-04  -8.9228694e-01  -1.8364848e+01  -1.4438293e+00   1.0000000e+00   6.8249815e-03
   2.0825565e-04  -5.0423450e-04  -1.0813682e+00  -1.8054057e+01  -2.3696544e+00   1.0000000e+00   6.8164574e-03
   1.8122415e-04  -7.6695004e-06  -8.0357870e-01  -1.8514978e+01  -1.0244333e+00   1.0000000e+00   6.8127401e-03
  -1.0065846e+00   1.0931573e-03  -1.0618449e+00  -1.6263193e+01  -4.2877698e+00   1.0000000e+00   6.7864149e-03
  -1.9619436e-04  -2.7261479e-04  -5.7274656e-01  -1.8917008e+01  -1.5307704e-01   1.0000000e+00   6.7841109e-03
  -1.4613295e+00  -1.4410249e+00  -1.4692531e+00  -1.3259345e+01  -1.0654338e+01   1.0000000e+00   6.7707546e-03
  -1.1685277e+00   1.7077938e-04  -1.1711715e+00  -1.5827713e+01  -5.5360502e+00   1.0000000e+00   6.7694401e-03
  -1.3596424e+00  -1.2085384e+00  -1.3683398e+00  -1.3891231e+01  -9.7349584e+00   1.0000000e+00   6.7611370e-03
   9.0112280e-04  -6.0782524e-05  -8.3238963e-01  -1.8464609e+01  -1.1547755e+00   1.0000000e+00   6.7383083e-03
  -1.3293680e+00  -1.0050250e-03  -1.3432860e+00  -1.5309411e+01  -6.6747177e+00   1.0000000e+00   6.7173282e-03
  -1.1504664e+00  -1.9422299e-03  -1.1891063e+00  -1.5828026e+01  -5.5269822e+00   1.0000000e+00   6.7126637e-03
  -1.3268493e+00  -1.1642651e+00  -1.3210499e+00  -1.4057015e+01  -9.3594550e+00   1.0000000e+00   6.7082047e-03
   1.8535770e-04  -6.4099255e-04  -5.4509825e-01  -1.8965793e+01  -7.7727421e-02   1.0000000e+00   6.7073051e-03
  -1.2914439e+00  -9.9046207e-01  -1.2828247e+00  -1.4453120e+01  -8.3325974e+00   1.0000000e+00   6.7034487e-03
  -1.1856420e+00   2.2840330e-04  -1.2050685e+00  -1.5747208e+01  -5.7436616e+00   1.0000000e+00   6.6950588e-03
  -1.1688543e+00   1.6788196e-04  -1.1599965e+00  -1.5844898e+01  -5.4902952e+00   1.0000000e+00   6.6927164e-03
   3.6963319e-04   4.5188727e-05  -6.0992927e-01  -1.8850864e+01  -2.6427157e-01   1.0000000e+00   6.6862625e-03
  -1.1259467e+00   1.0354050e-03  -1.0838584e+00  -1.6034787e+01  -4.9587570e+00   1.0000000e+00   6.6852056e-03
  -1.1753685e+00   3.3175893e-04  -1.1956438e+00  -1.5778261e+01  -5.6638438e+00   1.0000000e+00   6.6463735e-03
   8.5910797e-04   4.2522042e-04  -6.3170899e-01  -1.8811218e+01  -3.3161326e-01   1.0000000e+00   6.6397179e-03
   2.2226803e-04  -9.9827464e-05  -7.2477813e-01  -1.8650119e+01  -6.8217121e-01   1.0000000e+00   6.6357534e-03
  -9.7190420e-01   7.9819850e-03  -1.0735248e+00  -1.6301135e+01  -4.1550136e+00   1.0000000e+00   6.6243574e-03
  -1.3004427e+00  -1.0612078e+00  -1.3212704e+00  -1.4273686e+01  -8.8182318e+00   1.0000000e+00   6.6239406e-03
  -9.6386357e-01   1.8755562e-03  -1.0920894e+00  -1.6284583e+01  -4.2167149e+00   1.0000000e+00   6.6214775e-03
  -1.4950207e+00  -1.5141893e+00  -1.4992018e+00  -1.3064037e+01  -1.0739083e+01   1.0000000e+00   6.6199177e-03
  -1.3463661e+00  -1.2239553e-03  -1.3188781e+00  -1.5320802e+01  -6.6533489e+00   1.0000000e+00   6.6112102e-03
  -1.4557002e+00  -1.4004497e+00  -1.4753769e+00  -1.3333965e+01  -1.0594928e+01   1.0000000e+00   6.5946322e-03
  -1.5010140e+00  -1.4879486e+00  -1.5182234e+00  -1.3089367e+01  -1.0736850e+01   1.0000000e+00   6.5598777e-03
  -1.2663066e+00   3.5243052e-03  -1.2609944e+00  -1.5533537e+01  -6.2379680e+00   1.0000000e+00   6.5379628e-03
  -1.2710204e+00  -9.3715241e-01  -1.2811586e+00  -1.4571731e+01  -7.9980084e+00   1.0000000e+00   6.5312748e-03
  -1.4219985e+00  -5.5082724e-04  -1.3835346e+00  -1.5107425e+01  -6.9540538e+00   1.0000000e+00   6.5110237e-03
  -1.2259398e+00   2.5446798e-04  -1.2411919e+00  -1.5627314e+01  -6.0360503e+00   1.0000000e+00   6.5012313e-03
   1.5779075e-04   1.5209726e-03  -1.1511918e+00  -1.7940383e+01  -2.6826670e+00   1.0000000e+00   6.4814511e-03
  -1.1508110e+00   3.4734920e-03  -1.1705524e+00  -1.5856775e+01  -5.4481750e+00   1.0000000e+00   6.4779801e-03
  -1.0096348e+00   1.0209076e-03  -1.0840472e+00  -1.6222378e+01  -4.4082629e+00   1.0000000e+00   6.4602181e-03
  -1.4907390e+00  -7.5004999e-04  -1.4418510e+00  -1.4916757e+01  -7.1090265e+00   1.0000000e+00   6.4409953e-03
  -1.9456632e-04   7.6036487e-04  -1.5018508e+00  -1.7403871e+01  -3.5756484e+00   1.0000000e+00   6.4160887e-03
  -1.1394316e+00  -5.6031134e-04  -1.1265098e+00  -1.5944899e+01  -5.2159660e+00   1.0000000e+00   6.4084939e-03
   4.8383070e-04   2.8796546e-05  -6.8374344e-01  -1.8720925e+01  -5.2016046e-01   1.0000000e+00   6.4034575e-03
  -1.0085114e+00   1.0944649e-03  -1.0525169e+00  -1.6275144e+01  -4.2524890e+00   1.0000000e+00   6.3766107e-03
   3.6035630e-04   2.4477701e-05  -6.1536005e-01  -1.8841278e+01  -2.8168274e-01   1.0000000e+00   6.3763990e-03
  -1.3282958e+00  -1.1900368e+00  -1.3162863e+00  -1.4012405e+01  -9.4566548e+00   1.0000000e+00   6.3740552e-03
  -9.6455631e-01   1.0561870e-03  -1.0614245e+00  -1.6332892e+01  -4.0777251e+00   1.0000000e+00   6.3336238e-03
  -9.2012088e-01   9.2823062e-04  -1.0688941e+00  -1.6394425e+01  -3.8934506e+00   1.0000000e+00   6.3302313e-03
  -1.3137388e+00  -1.1232049e+00  -1.3144644e+00  -1.4153889e+01  -9.1261665e+00   1.0000000e+00   6.3260149e-03
  -1.4560517e+00  -1.4193901e+00  -1.4753860e+00  -1.3298648e+01  -1.0625461e+01   1.0000000e+00   6.3222892e-03
  -1.2628855e+00   6.1945068e-04  -1.2882124e+00  -1.5496678e+01  -6.3229561e+00   1.0000000e+00   6.3118039e-03
  -2.2345834e-04   7.3852000e-04  -1.2135827e+00  -1.7843395e+01  -2.9398151e+00   1.0000000e+00   6.3094945e-03
   1.7165749e-04  -1.3911538e-04  -7.5303374e-01  -1.8601417e+01  -8.0027138e-01   1.0000000e+00   6.2993343e-03
  -1.2647884e+00  -9.3394416e-01  -1.2577647e+00  -1.4612082e+01  -7.8843447e+00   1.0000000e+00   6.2896826e-03
  -7.2892184e-05  -9.2379995e-04  -1.4893142e+00  -1.7422178e+01  -3.5708976e+00   1.0000000e+00   6.2737587e-03
  -1.0631801e+00   1.1766864e-03  -1.0625821e+00  -1.6169972e+01  -4.5662585e+00   1.0000000e+00   6.2731421e-03
  -1.2690544e+00  -9.5329856e-01  -1.2637320e+00  -1.4566334e+01  -8.0147540e+00   1.0000000e+00   6.2706148e-03
   1.5852427e-04  -1.1227448e-06  -8.1783518e-01  -1.8490779e+01  -1.0900987e+00   1.0000000e+00   6.2603475e-03
  -1.2752447e+00   5.8856860e-04  -1.3107995e+00  -1.5442665e+01  -6.4309753e+00   1.0000000e+00   6.2396082e-03
  -1.2223520e+00   3.4917444e-04  -1.2157803e+00  -1.5672683e+01  -5.9282491e+00   1.0000000e+00   6.2358660e-03
   5.6811414e-04   1.1740051e-04  -6.5544173e-01  -1.8770243e+01  -4.1569344e-01   1.0000000e+00   6.2291105e-03
  -1.4258151e+00  -1.3467953e+00  -1.4177281e+00  -1.3518431e+01  -1.0386236e+01   1.0000000e+00   6.2237694e-03
  -9.7119918e-01   9.6389009e-04  -1.0677949e+00  -1.6311648e+01  -4.1414090e+00   1.0000000e+00   6.2124353e-03
  -1.5494207e-04   8.5497050e-04  -1.2701017e+00  -1.7755022e+01  -3.1415082e+00   1.0000000e+00   6.2068503e-03
   7.4062203e-04   2.5245555e-05  -1.1677123e+00  -1.7915758e+01  -2.7562086e+00   1.0000000e+00   6.1984046e-03
  -1.2522253e-03  -5.0094896e-04  -1.0762892e+00  -1.8060638e+01  -2.3420803e+00   1.0000000e+00   6.1661403e-03
  -1.4534473e+00  -1.3826941e+00  -1.4380656e+00  -1.3405013e+01  -1.0524896e+01   1.0000000e+00   6.1624142e-03
  -1.3194878e+00  -1.1745443e+00  -1.3465539e+00  -1.4018797e+01  -9.4482490e+00   1.0000000e+00   6.1549326e-03
  -1.3101615e+00  -1.0294560e+00  -1.3214490e+00  -1.4319165e+01  -8.6933936e+00   1.0000000e+00   6.1370936e-03
  -1.3945198e+00  -1.2736056e+00  -1.3991917e+00  -1.3703755e+01  -1.0098347e+01   1.0000000e+00   6.1140204e-03
  -1.2570848e+00   6.2020592e-04  -1.2524432e+00  -1.5561183e+01  -6.1857065e+00   1.0000000e+00   6.1137435e-03
  -1.2567949e+00   6.7848623e-04  -1.3143550e+00  -1.5465841e+01  -6.3792172e+00   1.0000000e+00   6.1109072e-03
  -1.3860758e+00  -1.2611446e+00  -1.3723969e+00  -1.3762563e+01  -9.9899793e+00   1.0000000e+00   6.1003376e-03
  -3.8474337e-04  -3.3033576e-04  -9.4097941e-01  -1.8283510e+01  -1.6829030e+00   1.0000000e+00   6.1002918e-03
  -1.2425952e+00  -7.9182338e-01  -1.2705143e+00  -1.4860177e+01  -7.1711171e+00   1.0000000e+00   6.0886025e-03
  -1.2759642e+00   1.9902370e-04  -1.2291274e+00  -1.5568258e+01  -6.1665913e+00   1.0000000e+00   6.0789948e-03
  -1.0634050e+00   1.4657651e-04  -1.1417174e+00  -1.6042648e+01  -4.9349700e+00   1.0000000e+00   6.0523680e-03
  -1.3096064e+00  -1.1479878e+00  -1.3352128e+00  -1.4090396e+01  -9.2795621e+00   1.0000000e+00   6.0503819e-03
  -1.2710087e+00   6.0323750e-04  -1.2889662e+00  -1.5482903e+01  -6.3523386e+00   1.0000000e+00   6.0442827e-03
  -9.4510386e-01   9.7678299e-04  -1.0621406e+00  -1.6363876e+01  -3.9848109e+00   1.0000000e+00   6.0430842e-03
  -2.6528847e-04  -9.8220376e-04  -1.3995108e+00  -1.7556542e+01  -3.4698701e+00   1.0000000e+00   6.0421459e-03
  -8.1576845e-01   1.1499457e-03  -1.1214794e+00  -1.6485391e+01  -3.6350114e+00   1.0000000e+00   6.0295402e-03
  -1.3800785e-03  -5.3652854e-05  -9.2706809e-01  -1.8304844e+01  -1.6119410e+00   1.0000000e+00   6.0029830e-03
  -3.6598547e-04   4.6725346e-05  -9.8127209e-01  -1.8217293e+01  -1.8842938e+00   1.0000000e+00   5.9956334e-03
  -1.0700097e+00   1.6564074e-03  -1.1081630e+00  -1.6085561e+01  -4.8109274e+00   1.0000000e+00   5.9929662e-03
  -1.3993715e+00  -6.9622049e-04  -1.4278968e+00  -1.5074574e+01  -6.9908999e+00   1.0000000e+00   5.9870053e-03
  -9.1783327e-01   1.1047483e-03  -1.0670799e+00  -1.6401162e+01  -3.8729594e+00   1.0000000e+00   5.9813360e-03
  -1.5092917e+00  -1.5150558e+00  -1.5198034e+00  -1.3030351e+01  -1.0746938e+01   1.0000000e+00   5.9617901e-03
  -1.2643662e+00  -8.4655365e-01  -1.2791967e+00  -1.4734297e+01  -7.5280079e+00   1.0000000e+00   5.9555113e-03
  -3.3026340e-04   1.0462201e-04  -8.8191819e-01  -1.8382270e+01  -1.3934796e+00   1.0000000e+00   5.9536557e-03
  -1.4333185e+00   1.4215485e-03  -1.4564939e+00  -1.4980563e+01  -7.0725614e+00   1.0000000e+00   5.9485528e-03
  -1.4860513e+00  -1.4450667e+00  -1.4827022e+00  -1.3215747e+01  -1.0685213e+01   1.0000000e+00   5.9365920e-03
  -1.2509749e+00  -8.7353783e-01  -1.2509496e+00  -1.4740197e+01  -7.5172498e+00   1.0000000e+00   5.9212436e-03
  -1.1378266e+00  -2.6025721e-03  -1.1625900e+00  -1.5890049e+01  -5.3602007e+00   1.0000000e+00   5.9172207e-03
  -4.1632647e-04   6.2197766e-05  -9.6822202e-01  -1.8238667e+01  -1.8192500e+00   1.0000000e+00   5.9127739e-03
  -1.3288860e+00  -1.1522546e+00  -1.3640516e+00  -1.4031290e+01  -9.4195212e+00   1.0000000e+00   5.9100459e-03
   8.6282065e-05  -7.1624952e-04  -5.3099339e-01  -1.8991016e+01  -4.3003324e-02   1.0000000e+00   5.9046108e-03
  -1.4611506e+00  -1.4301407e+00  -1.4675981e+00  -1.3281303e+01  -1.0639388e+01   1.0000000e+00   5.8807706e-03
   6.3495566e-04   1.3285797e-03  -6.4195113e-01  -1.8792154e+01  -3.6409100e-01   1.0000000e+00   5.8555657e-03
  -8.6170776e-01   6.2014590e-04  -1.0669686e+00  -1.6495296e+01  -3.6002849e+00   1.0000000e+00   5.8479862e-03
  -1.2642711e+00  -8.0722140e-01  -1.2394384e+00  -1.4847363e+01  -7.2089776e+00   1.0000000e+00   5.8472875e-03
  -1.4449880e+00  -1.3549199e+00  -1.4393411e+00  -1.3463365e+01  -1.0458213e+01   1.0000000e+00   5.8410252e-03
  -1.3700553e+00  -1.2354017e+00  -1.3588324e+00  -1.3840590e+01  -9.8377516e+00   1.0000000e+00   5.8355022e-03
  -1.4322816e+00  -1.2851764e+00  -1.4341361e+00  -1.3608913e+01  -1.0246133e+01   1.0000000e+00   5.8290707e-03
  -3.4226485e-04  -5.8289715e-05  -9.9914220e-01  -1.8188018e+01  -1.9727812e+00   1.0000000e+00   5.8290193e-03
  -1.3791676e+00  -1.2600884e+00  -1.3893220e+00  -1.3754345e+01  -1.0006400e+01   1.0000000e+00   5.8195271e-03
  -1.1377222e+00  -5.2848931e-04  -1.1246863e+00  -1.5950533e+01  -5.2003867e+00   1.0000000e+00   5.7909843e-03
  -1.2646871e+00  -9.6435775e-01  -1.2892316e+00  -1.4522404e+01  -8.1373335e+00   1.0000000e+00   5.7821310e-03
  -1.2310159e+00   3.4540609e-04  -1.1963087e+00  -1.5689722e+01  -5.8845464e+00   1.0000000e+00   5.7528173e-03
   1.2245603e-03   9.3974850e-04  -7.7190578e-01  -1.8566366e+01  -8.7530998e-01   1.0000000e+00   5.7122186e-03
  -1.1085681e+00  -1.5772825e-03  -1.1650811e+00  -1.5932851e+01  -5.2421035e+00   1.0000000e+00   5.7011858e-03
   8.2575787e-04  -7.2296888e-05  -8.2771247e-01  -1.8472681e+01  -1.1330597e+00   1.0000000e+00   5.6941082e-03
  -9.1253619e-01   9.7109731e-04  -1.0570399e+00  -1.6426222e+01  -3.7992458e+00   1.0000000e+00   5.6935956e-03
  -1.9047682e-04  -9.1607945e-04  -1.3386256e+00  -1.7649309e+01  -3.3406932e+00   1.0000000e+00   5.6932550e-03
  -1.3280048e+00  -9.6488530e-01  -1.2534350e+00  -1.4489400e+01  -8.2128146e+00   1.0000000e+00   5.6878689e-03
   3.7630172e-04   2.5016401e-05  -6.0311180e-01  -1.8862932e+01  -2.4309946e-01   1.0000000e+00   5.6793051e-03
   2.0335892e-03   1.4804628e-03  -1.1936714e+00  -1.7871210e+01  -2.8536269e+00   1.0000000e+00   5.6671200e-03
   8.8208664e-05  -2.3252556e-04  -1.0125778e+00  -1.8166240e+01  -2.0392996e+00   1.0000000e+00   5.6583190e-03
  -1.2517641e+00  -9.0271213e-01  -1.2560067e+00  -1.4683527e+01  -7.6797605e+00   1.0000000e+00   5.6559459e-03
  -2.1668159e-04   7.0433477e-04  -1.3075625e+00  -1.7697389e+01  -3.2574371e+00   1.0000000e+00   5.6551018e-03
  -1.2678449e+00  -9.5354615e-01  -1.2867970e+00  -1.4540440e+01  -8.0866100e+00   1.0000000e+00   5.6534734e-03
  -2.5404415e-04   7.2355151e-04  -1.2536110e+00  -1.7780851e+01  -3.0858539e+00   1.0000000e+00   5.6344077e-03
  -1.2872211e+00  -9.8808730e-01  -1.2837560e+00  -1.4461080e+01  -8.3107465e+00   1.0000000e+00   5.5893910e-03
  -1.0437673e+00   3.8321856e-03  -1.0645378e+00  -1.6198239e+01  -4.4750660e+00   1.0000000e+00   5.5802636e-03
  -9.4743294e-01   1.0726137e-03  -1.0674464e+00  -1.6351444e+01  -4.0213877e+00   1.0000000e+00   5.5749157e-03
  -9.0385449e-04   9.8600234e-04  -1.4371530e+00  -1.7499211e+01  -3.5232233e+00   1.0000000e+00   5.5692447e-03
  -1.4925944e+00  -1.5116537e+00  -1.5262421e+00  -1.3046035e+01  -1.0741311e+01   1.0000000e+00   5.5539796e-03
  -1.4419874e+00  -1.3403002e+00  -1.4378243e+00  -1.3494733e+01  -1.0417863e+01   1.0000000e+00   5.5311766e-03
  -1.8883845e-04   7.3661604e-04  -1.2998204e+00  -1.7709272e+01  -3.2348071e+00   1.0000000e+00   5.5310099e-03
  -2.2969157e-04  -2.4865978e-04  -5.5475387e-01  -1.8949151e+01  -1.0403641e-01   1.0000000e+00   5.5227488e-03
  -1.0872467e+00   3.8788988e-03  -1.0326618e+00  -1.6179660e+01  -4.5283640e+00   1.0000000e+00   5.5185532e-03
  -1.2474707e+00  -9.0359131e-01  -1.2778986e+00  -1.4661017e+01  -7.7417952e+00   1.0000000e+00   5.5145849e-03
  -1.3327253e+00  -1.1683539e+00  -1.3189480e+00  -1.4045435e+01  -9.3863278e+00   1.0000000e+00   5.5138561e-03
  -4.1715377e-04   7.0852088e-05  -9.6922405e-01  -1.8237011e+01  -1.8241748e+00   1.0000000e+00   5.5045430e-03
  -1.2640919e+00   1.1243588e-04  -1.2539580e+00  -1.5547934e+01  -6.2167179e+00   1.0000000e+00   5.4909233e-03
  -1.3906926e+00  -1.2405768e+00  -1.4256215e+00  -1.3741111e+01  -1.0019546e+01   1.0000000e+00   5.4856655e-03
  -1.4149013e+00  -1.3306401e+00  -1.4145305e+00  -1.3562360e+01  -1.0324974e+01   1.0000000e+00   5.4835758e-03
  -9.7392336e-01   9.6307884e-04  -1.0052719e+00  -1.6408797e+01  -3.8512290e+00   1.0000000e+00   5.4669701e-03
  -1.2894168e+00  -7.8873576e-01  -1.2576892e+00  -1.4822240e+01  -7.2701904e+00   1.0000000e+00   5.4593782e-03
   2.3012215e-04  -3.0874437e-04  -1.1225425e+00  -1.7988318e+01  -2.5599919e+00   1.0000000e+00   5.4501541e-03
  -1.3854044e+00  -5.9501271e-04  -1.3709773e+00  -1.5181766e+01  -6.8670545e+00   1.0000000e+00   5.4474866e-03
  -1.0413400e+00   3.9081953e-03  -1.0591797e+00  -1.6210845e+01  -4.4374897e+00   1.0000000e+00   5.4364539e-03
  -1.2538472e+00  -1.2127503e-03  -1.2773015e+00  -1.5527615e+01  -6.2557624e+00   1.0000000e+00   5.4294556e-03
  -1.3108332e+00   7.5618634e-04  -1.2928664e+00  -1.5415352e+01  -6.4858555e+00   1.0000000e+00   5.4271884e-03
  -1.2386058e+00  -8.5701977e-01  -1.2638954e+00  -1.4767204e+01  -7.4381738e+00   1.0000000e+00   5.4270435e-03
  -1.0818729e+00   1.0095791e-03  -1.0767209e+00  -1.6116973e+01  -4.7226308e+00   1.0000000e+00   5.4269939e-03
  -1.7524405e-04  -8.7568123e-04  -1.3814015e+00  -1.7584216e+01  -3.4370159e+00   1.0000000e+00   5.4226624e-03
   1.6659642e-03   6.9828301e-04  -1.2209727e+00  -1.7829740e+01  -2.9632560e+00   1.0000000e+00   5.4152690e-03
  -1.6001336e-04  -2.5294833e-04  -5.6531719e-01  -1.8930341e+01  -1.3271916e-01   1.0000000e+00   5.4105958e-03
  -1.3194400e+00  -1.0569771e+00  -1.2993953e+00  -1.4284479e+01  -8.7898450e+00   1.0000000e+00   5.4081270e-03
  -1.3715055e+00  -1.1440524e+00  -1.3650503e+00  -1.3999516e+01  -9.4871300e+00   1.0000000e+00   5.4048310e-03
  -1.3927672e+00  -7.1642126e-04  -1.4428510e+00  -1.5062120e+01  -6.9976736e+00   1.0000000e+00   5.3626355e-03
  -1.6140835e-04  -9.9269077e-04  -1.3926608e+00  -1.7566928e+01  -3.4580940e+00   1.0000000e+00   5.3541383e-03
  -1.2176977e+00  -8.2272205e-01  -1.2602468e+00  -1.4854138e+01  -7.1865293e+00   1.0000000e+00   5.3530748e-03
  -1.4550250e+00  -1.4102957e+00  -1.4739440e+00  -1.3317828e+01  -1.0609596e+01   1.0000000e+00   5.3505934e-03
  -1.2811530e+00   6.4901553e-04  -1.3139535e+00  -1.5428662e+01  -6.4586097e+00   1.0000000e+00   5.3498113e-03
   1.8876799e-04  -6.0657524e-05  -7.9687527e-01  -1.8526368e+01  -9.9360744e-01   1.0000000e+00   5.3429164e-03
  -1.4832755e+00  -1.4597506e+00  -1.4806786e+00  -1.3193143e+01  -1.0697274e+01   1.0000000e+00   5.3259842e-03
  -1.3644841e+00  -1.1339303e+00  -1.3294962e+00  -1.4063490e+01  -9.3419608e+00   1.0000000e+00   5.3007430e-03
  -1.3108539e+00  -1.1574907e+00  -1.3353705e+00  -1.4071324e+01  -9.3244623e+00   1.0000000e+00   5.2908180e-03
  -1.3776732e+00  -1.1655343e+00  -1.3592609e+00  -1.3960362e+01  -9.5792271e+00   1.0000000e+00   5.2794507e-03
  -1.1003428e+00   1.0604950e-03  -1.0746583e+00  -1.6090602e+01  -4.7988109e+00   1.0000000e+00   5.2786375e-03
  -1.4441519e+00  -1.2861489e+00  -1.4368897e+00  -1.3592325e+01  -1.0266886e+01   1.0000000e+00   5.2693804e-03
  -1.0536165e+00   1.0621759e-03  -1.0592753e+00  -1.6190799e+01  -4.5049274e+00   1.0000000e+00   5.2449907e-03
  -5.5830314e-04   7.7998973e-04  -1.2772960e+00  -1.7743689e+01  -3.1635552e+00   1.0000000e+00   5.2273358e-03
  -1.3468883e+00  -1.1917682e+00  -1.3332452e+00  -1.3972099e+01  -9.5560436e+00   1.0000000e+00   5.2154545e-03
   2.1062784e-03   1.1896872e-03  -7.7507667e-01  -1.8559182e+01  -8.8591990e-01   1.0000000e+00   5.2056241e-03
  -1.2406405e+00   1.5858107e-04  -1.1755253e+00  -1.5707478e+01  -5.8358181e+00   1.0000000e+00   5.2018231e-03
  -1.2228992e+00  -9.7788645e-01  -1.2608742e+00  -1.4579148e+01  -7.9642140e+00   1.0000000e+00   5.1820801e-03
  -9.4512400e-01   9.6223702e-04  -1.0681196e+00  -1.6354179e+01  -4.0134835e+00   1.0000000e+00   5.1790110e-03
  -1.4745506e+00  -1.3824075e+00  -1.4636804e+00  -1.3360188e+01  -1.0568324e+01   1.0000000e+00   5.1726446e-03
  -1.3642203e+00  -1.0316595e-03  -1.3331684e+00  -1.5271650e+01  -6.7332385e+00   1.0000000e+00   5.1080103e-03
  -1.4231112e+00   2.7284663e-03  -1.3759991e+00  -1.5117179e+01  -6.9341847e+00   1.0000000e+00   5.1064965e-03
  -1.0222324e+00   1.1232995e-03  -1.0256277e+00  -1.6296432e+01  -4.1892498e+00   1.0000000e+00   5.0999234e-03
   1.7246619e-04  -5.8540535e-05  -7.4894588e-01  -1.8608530e+01  -7.8327041e-01   1.0000000e+00   5.0402193e-03
  -1.0943195e+00   1.0898549e-03  -1.0751295e+00  -1.6099514e+01  -4.7730476e+00   1.0000000e+00   5.0338866e-03
  -1.4277321e+00  -1.2823191e+00  -1.3920412e+00  -1.3661281e+01  -1.0165900e+01   1.0000000e+00   5.0329602e-03
  -3.1256259e-04   1.3501319e-03  -1.5167186e+00  -1.7380680e+01  -3.5759912e+00   1.0000000e+00   5.0315421e-03
  -1.0924261e+00   1.5268222e-04  -1.1448521e+00  -1.5990874e+01  -5.0855983e+00   1.0000000e+00   5.0302411e-03
   8.4013500e-04   4.3208870e-04  -6.3012497e-01  -1.8814039e+01  -3.2636319e-01   1.0000000e+00   5.0281025e-03
  -9.4572765e-01   9.6943476e-04  -1.0119681e+00  -1.6444393e+01  -3.7441845e+00   1.0000000e+00   5.0229022e-03
   2.0239375e-03   9.9047476e-04  -7.8211813e-01  -1.8547462e+01  -9.1793263e-01   1.0000000e+00   5.0160900e-03
  -1.2470967e+00  -9.0296904e-01  -1.2772255e+00  -1.4663328e+01  -7.7352609e+00   1.0000000e+00   5.0063313e-03
  -1.4762729e+00  -1.4474524e+00  -1.4638614e+00  -1.3238374e+01  -1.0668721e+01   1.0000000e+00   5.0035730e-03
  -1.0646541e+00   9.7522003e-04  -1.0828643e+00  -1.6134858e+01  -4.6700891e+00   1.0000000e+00   5.0008951e-03
  -1.3521318e+00  -1.0431379e-03  -1.3537092e+00  -1.5258674e+01  -6.7561628e+00   1.0000000e+00   4.9781431e-03
   1.8210048e-04  -6.7921949e-05  -7.8706998e-01  -1.8543114e+01  -9.4948035e-01   1.0000000e+00   4.9753080e-03
   4.6368831e-04   1.4250575e-05  -6.8972247e-01  -1.8710543e+01  -5.4305766e-01   1.0000000e+00   4.9660894e-03
   8.8507665e-05  -6.9321125e-04  -5.3772342e-01  -1.8978966e+01  -5.9501333e-02   1.0000000e+00   4.9593336e-03
  -4.5358438e-04  -7.7706587e-05  -9.5660672e-01  -1.8257751e+01  -1.7613409e+00   1.0000000e+00   4.9542988e-03
  -2.9810101e-04   7.3398603e-04  -1.2638572e+00  -1.7764869e+01  -3.1205468e+00   1.0000000e+00   4.9493187e-03
  -2.6801390e-04  -1.0427215e-03  -1.4088278e+00  -1.7542352e+01  -3.4852432e+00   1.0000000e+00   4.9237897e-03
  -1.0585778e+00   1.2341912e-03  -1.1580883e+00  -1.6024440e+01  -4.9788526e+00   1.0000000e+00   4.9145628e-03
  -1.0523275e+00   1.1177167e-03  -1.0687692e+00  -1.6177540e+01  -4.5438819e+00   1.0000000e+00   4.9086100e-03
  -3.8346583e-04  -3.3709951e-04  -9.3191581e-01  -1.8298534e+01  -1.6379557e+00   1.0000000e+00   4.9055099e-03
  -4.0690973e-04   7.7466663e-05  -9.7612789e-01  -1.8225662e+01  -1.8584472e+00   1.0000000e+00   4.9031103e-03
  -1.2661843e+00  -9.6081220e-01  -1.3010549e+00  -1.4513113e+01  -8.1604343e+00   1.0000000e+00   4.8815135e-03
  -1.4493202e+00  -2.7127079e-05  -1.4264583e+00  -1.5001603e+01  -7.0614016e+00   1.0000000e+00   4.8795557e-03
  -4.0614298e-04  -3.7760853e-04  -9.5026419e-01  -1.8268045e+01  -1.7287137e+00   1.0000000e+00   4.8755427e-03
  -9.7365021e-01   1.0569963e-03  -1.0602065e+00  -1.6319879e+01  -4.1170438e+00   1.0000000e+00   4.8692859e-03
   6.9479470e-04  -4.1880044e-04  -1.0518866e+00  -1.8101162e+01  -2.2276771e+00   1.0000000e+00   4.8587770e-03
  -1.2848425e+00  -9.8144872e-01  -1.2864113e+00  -1.4472443e+01  -8.2787372e+00   1.0000000e+00   4.8587495e-03
  -1.3509855e+00  -1.2566131e+00  -1.3819508e+00  -1.3796902e+01  -9.9188592e+00   1.0000000e+00   4.8487545e-03
   1.5626902e-04  -9.6802997e-05  -6.5995540e-01  -1.8763120e+01  -4.3352279e-01   1.0000000e+00   4.8478894e-03
  -1.1609454e+00   1.5162667e-04  -1.2032020e+00  -1.5789205e+01  -5.6339349e+00   1.0000000e+00   4.8165341e-03
  -1.3857434e+00  -1.1726252e+00  -1.3131698e+00  -1.3987495e+01  -9.5077292e+00   1.0000000e+00   4.8092834e-03
  -1.4410819e+00  -1.3189527e+00  -1.4378497e+00  -1.3534755e+01  -1.0360870e+01   1.0000000e+00   4.8056181e-03
  -1.3680151e+00  -1.2286350e+00  -1.3630727e+00  -1.3850888e+01  -9.8180688e+00   1.0000000e+00   4.7988084e-03
  -1.3380847e+00  -1.1632278e+00  -1.3858124e+00  -1.3978319e+01  -9.5348919e+00   1.0000000e+00   4.7932257e-03
  -1.4678664e+00   2.3147019e-05  -1.4717815e+00  -1.4906056e+01  -7.1260123e+00   1.0000000e+00   4.7915403e-03
  -1.2658119e+00   1.4024310e-04  -1.2496378e+00  -1.5551990e+01  -6.2073155e+00   1.0000000e+00   4.7788917e-03
  -1.3714348e+00  -1.2497592e+00  -1.3973972e+00  -1.3773067e+01  -9.9696024e+00   1.0000000e+00   4.7785800e-03
   1.9767460e-03   1.4994514e-03  -1.1855452e+00  -1.7884090e+01  -2.8209373e+00   1.0000000e+00   4.7778833e-03
  -1.1484594e+00   1.7054713e-04  -1.1556495e+00  -1.5884148e+01  -5.3846794e+00   1.0000000e+00   4.7742869e-03
  -1.2745806e+00  -1.0806648e+00  -1.2818171e+00  -1.4310174e+01  -8.7140685e+00   1.0000000e+00   4.7647369e-03
  -1.3166122e+00  -4.9869239e-03  -1.3249950e+00  -1.5356979e+01  -6.5828911e+00   1.0000000e+00   4.7643358e-03
   2.7180521e-04  -2.5156497e-04  -1.1104436e+00  -1.8007702e+01  -2.5052177e+00   1.0000000e+00   4.7600061e-03
   1.0959962e-03   4.4412092e-05  -8.5456968e-01  -1.8426748e+01  -1.2592960e+00   1.0000000e+00   4.7474286e-03
  -5.3593902e-04  -5.1251910e-05  -9.3646704e-01  -1.8290927e+01  -1.6612368e+00   1.0000000e+00   4.7435228e-03
  -1.4005294e+00  -1.3155266e+00  -1.3827521e+00  -1.3636208e+01  -1.0205362e+01   1.0000000e+00   4.7334752e-03
  -1.4309135e+00  -1.3479922e+00  -1.4185891e+00  -1.3510354e+01  -1.0397231e+01   1.0000000e+00   4.7000980e-03
  -1.3928484e+00  -1.3025822e+00  -1.3982949e+00  -1.3652587e+01  -1.0183501e+01   1.0000000e+00   4.6992102e-03
  -1.4410471e+00  -1.3246485e+00  -1.4291251e+00  -1.3533039e+01  -1.0365213e+01   1.0000000e+00   4.6947747e-03
  -1.3112307e+00  -1.0592176e+00  -1.3224212e+00  -1.4264008e+01  -8.8431114e+00   1.0000000e+00   4.6874105e-03
  -1.3868767e+00   6.7589482e-04  -1.3024624e+00  -1.5284419e+01  -6.6960624e+00   1.0000000e+00   4.6859126e-03
  -1.2587799e+00  -1.0154878e-03  -1.2776842e+00  -1.5519349e+01  -6.2745337e+00   1.0000000e+00   4.6686009e-03
   3.8040179e-04   2.1117060e-05  -6.2243645e-01  -1.8828733e+01  -3.0449444e-01   1.0000000e+00   4.6668940e-03
   1.4591860e-04  -6.5456146e-04  -5.5628892e-01  -1.8945739e+01  -1.0694124e-01   1.0000000e+00   4.6640480e-03
  -1.3512642e+00  -1.2621204e+00  -1.3856093e+00  -1.3782608e+01  -9.9453537e+00   1.0000000e+00   4.6612608e-03
   2.0242262e-03   9.9916563e-04  -7.7989664e-01  -1.8551254e+01  -9.0804244e-01   1.0000000e+00   4.6530764e-03
  -1.4912946e+00  -1.4734127e+00  -1.4920743e+00  -1.3149665e+01  -1.0718163e+01   1.0000000e+00   4.6351376e-03
  -2.2319051e-04   7.5454718e-04  -1.2061722e+00  -1.7855000e+01  -2.9111108e+00   1.0000000e+00   4.6255667e-03
   6.9095168e-04  -4.3675280e-04  -1.0494405e+00  -1.8105115e+01  -2.2158290e+00   1.0000000e+00   4.6156884e-03
  -1.2257626e+00  -8.9150275e-01  -1.2789901e+00  -1.4706221e+01  -7.6074142e+00   1.0000000e+00   4.6020332e-03
  -1.2920779e+00  -9.7922281e-01  -1.2874994e+00  -1.4466762e+01  -8.2934698e+00   1.0000000e+00   4.6016043e-03
  -1.2677574e+00  -9.8340351e-01  -1.2901191e+00  -1.4484356e+01  -8.2448128e+00   1.0000000e+00   4.5816222e-03
  -1.4273589e+00  -1.3075907e+00  -1.4364378e+00  -1.3570674e+01  -1.0309876e+01   1.0000000e+00   4.5802971e-03
  -1.2655212e+00  -4.3505415e-04  -1.2332038e+00  -1.5578083e+01  -6.1463306e+00   1.0000000e+00   4.5785480e-03
  -1.2560328e+00  -1.0185811e+00  -1.2826349e+00  -1.4443329e+01  -8.3555304e+00   1.0000000e+00   4.5682910e-03
  -1.4790843e+00  -1.4110200e-04  -1.4722242e+00  -1.4888687e+01  -7.1335880e+00   1.0000000e+00   4.5641724e-03
  -1.2693910e+00  -8.5266464e-01  -1.2183856e+00  -1.4792377e+01  -7.3608417e+00   1.0000000e+00   4.5505807e-03
  -9.5122800e-01   9.6670095e-04  -1.0038141e+00  -1.6448623e+01  -3.7313290e+00   1.0000000e+00   4.5417993e-03
  -1.4794257e+00  -1.4174433e+00  -1.4844343e+00  -1.3271216e+01  -1.0646470e+01   1.0000000e+00   4.5337438e-03
   4.6339964e-04   5.5597058e-06  -6.9194396e-01  -1.8706674e+01  -5.5164219e-01   1.0000000e+00   4.5322335e-03
  -1.3640477e+00  -1.0862323e+00  -1.3162241e+00  -1.4164122e+01  -9.0874432e+00   1.0000000e+00   4.5264311e-03
   5.9701251e-04   2.4527646e-04  -8.6846353e-01  -1.8404261e+01  -1.3266848e+00   1.0000000e+00   4.5262597e-03
  -1.2607520e+00  -8.4181013e-01  -1.2482048e+00  -1.4784545e+01  -7.3893601e+00   1.0000000e+00   4.5194548e-03
  -2.2973608e-04   7.3892593e-04  -1.2403793e+00  -1.7801460e+01  -3.0392791e+00   1.0000000e+00   4.5160786e-03
  -1.3691159e+00  -1.2488443e+00  -1.3795623e+00  -1.3795376e+01  -9.9279435e+00   1.0000000e+00   4.5088640e-03
  -4.5188793e-04  -4.0135341e-04  -9.5378463e-01  -1.8262125e+01  -1.7459301e+00   1.0000000e+00   4.5059060e-03
  -1.1802883e+00   1.6129620e-04  -1.1734529e+00  -1.5805506e+01  -5.5944486e+00   1.0000000e+00   4.4875274e-03
   3.3262884e-04  -3.7964814e-04  -1.0917705e+00  -1.8037398e+01  -2.4183161e+00   1.0000000e+00   4.4852828e-03
  -1.1229045e+00   2.5898339e-04  -1.1724956e+00  -1.5898179e+01  -5.3426223e+00   1.0000000e+00   4.4655306e-03
  -1.2260835e+00  -8.3032973e-01  -1.2528679e+00  -1.4840386e+01  -7.2282628e+00   1.0000000e+00   4.4520116e-03
  -1.3802274e+00   1.5840438e-03  -1.3686512e+00  -1.5193154e+01  -6.8488668e+00   1.0000000e+00   4.4401164e-03
  -9.1903296e-01   1.0284063e-03  -1.0197737e+00  -1.6475958e+01  -3.6501394e+00   1.0000000e+00   4.4398424e-03
  -1.3757529e+00   1.1574336e-03  -1.3476816e+00  -1.5231911e+01  -6.7934777e+00   1.0000000e+00   4.4222590e-03
  -1.2942201e+00  -1.0151441e+00  -1.2869397e+00  -1.4401540e+01  -8.4757183e+00   1.0000000e+00   4.4139563e-03
  -1.2689387e+00  -9.3258476e-01  -1.2628453e+00  -1.4603595e+01  -7.9086354e+00   1.0000000e+00   4.4126184e-03
  -1.4167573e+00  -1.3415694e+00  -1.4045484e+00  -1.3549995e+01  -1.0339628e+01   1.0000000e+00   4.3986108e-03
  -1.4165042e+00  -3.9055755e-05  -1.4266446e+00  -1.5050601e+01  -7.0196533e+00   1.0000000e+00   4.3964111e-03
   6.4118980e-04   1.2832245e-03  -6.4213985e-01  -1.8791898e+01  -3.6485425e-01   1.0000000e+00   4.3803479e-03
  -1.4085058e+00  -1.3120385e+00  -1.3733822e+00  -1.3644079e+01  -1.0189961e+01   1.0000000e+00   4.3770731e-03
  -1.3609394e+00  -1.2035271e+00  -1.3398316e+00  -1.3928768e+01  -9.6521191e+00   1.0000000e+00   4.3647726e-03
  -5.4031616e-04   8.1143294e-04  -1.2933845e+00  -1.7718775e+01  -3.2138377e+00   1.0000000e+00   4.3493294e-03
  -1.2613031e+00  -8.5683601e-01  -1.2487531e+00  -1.4758317e+01  -7.4646490e+00   1.0000000e+00   4.3400188e-03
  -2.2290186e-04   7.5466969e-04  -1.2070544e+00  -1.7853614e+01  -2.9145473e+00   1.0000000e+00   4.3291577e-03
  -1.3238282e+00  -1.1136389e+00  -1.3120449e+00  -1.4163150e+01  -9.1038561e+00   1.0000000e+00   4.3194156e-03
   8.8671372e-05  -2.3443511e-04  -1.0100924e+00  -1.8170297e+01  -2.0270605e+00   1.0000000e+00   4.3166192e-03
   6.0452869e-04   3.4126721e-04  -8.6374378e-01  -1.8412101e+01  -1.3035371e+00   1.0000000e+00   4.3156003e-03
   2.2502819e-04  -3.1285765e-04  -1.1440218e+00  -1.7954071e+01  -2.6552271e+00   1.0000000e+00   4.3139176e-03
  -1.1602892e+00   2.0241046e-04  -1.2199448e+00  -1.5763965e+01  -5.6953959e+00   1.0000000e+00   4.3045629e-03
  -3.4230904e-04   2.0709791e-05  -9.8839690e-01  -1.8205643e+01  -1.9198599e+00   1.0000000e+00   4.2839947e-03
  -2.6814571e-03  -7.5993521e-04  -1.3859422e+00  -1.7573544e+01  -3.4384525e+00   1.0000000e+00   4.2801204e-03
  -1.2844342e+00   7.2919605e-04  -1.2925087e+00  -1.5456633e+01  -6.4058700e+00   1.0000000e+00   4.2762936e-03
  -1.3584643e+00  -1.1977647e+00  -1.3422581e+00  -1.3939498e+01  -9.6298399e+00   1.0000000e+00   4.2262210e-03
  -1.4598857e+00  -1.4118980e+00  -1.4735977e+00  -1.3310546e+01  -1.0616417e+01   1.0000000e+00   4.2207414e-03
  -9.9354153e-01   9.2464497e-04  -1.0890365e+00  -1.6240693e+01  -4.3524995e+00   1.0000000e+00   4.2025782e-03
   1.1067415e-04   1.4362692e-03  -1.1803926e+00  -1.7894305e+01  -2.8062437e+00   1.0000000e+00   4.1993217e-03
  -1.2782188e+00  -9.7016250e-01  -1.2853906e+00  -1.4501046e+01  -8.1985552e+00   1.0000000e+00   4.1980600e-03
   1.0871081e-03   5.0987968e-05  -8.5666450e-01  -1.8423234e+01  -1.2693011e+00   1.0000000e+00   4.1937064e-03
  -1.2361570e+00  -9.0988773e-01  -1.2699681e+00  -1.4673104e+01  -7.7065454e+00   1.0000000e+00   4.1835140e-03
  -1.2563334e+00   5.8799995e-03  -1.2420985e+00  -1.5578431e+01  -6.1329965e+00   1.0000000e+00   4.1773168e-03
  -1.3306468e+00   1.6032145e-03  -1.3608651e+00  -1.5280621e+01  -6.7175313e+00   1.0000000e+00   4.1635042e-03
  -1.4320008e+00  -1.3508089e+00  -1.4217306e+00  -1.3500979e+01  -1.0409921e+01   1.0000000e+00   4.1541506e-03
  -1.3466527e+00  -1.1276016e+00  -1.3154132e+00  -1.4109349e+01  -9.2345814e+00   1.0000000e+00   4.1528922e-03
   5.6435351e-04   1.2104790e-04  -6.7261383e-01  -1.8740175e+01  -4.7782144e-01   1.0000000e+00   4.1441577e-03
  -1.4380370e+00  -1.2994295e+00  -1.4267046e+00  -1.3584641e+01  -1.0287049e+01   1.0000000e+00   4.1430586e-03
  -1.3249577e+00  -1.1337359e+00  -1.3319004e+00  -1.4103775e+01  -9.2510103e+00   1.0000000e+00   4.1379668e-03
  -2.2098151e-04   8.1191480e-04  -1.2178999e+00  -1.7836485e+01  -2.9560499e+00   1.0000000e+00   4.1336733e-03
  -1.4858364e+00  -1.4593819e+00  -1.4839890e+00  -1.3188305e+01  -1.0700237e+01   1.0000000e+00   4.1284212e-03
  -1.4411249e+00  -1.2975738e+00  -1.4355557e+00  -1.3576002e+01  -1.0296707e+01   1.0000000e+00   4.1212461e-03
   4.8731785e-04   1.8997737e-04  -6.7919988e-01  -1.8728777e+01  -5.0224697e-01   1.0000000e+00   4.1162132e-03
  -1.4923873e+00  -1.4379061e+00  -1.4823766e+00  -1.3223223e+01  -1.0679743e+01   1.0000000e+00   4.1088872e-03
  -1.2628982e+00  -8.5049472e-01  -1.2379075e+00  -1.4780142e+01  -7.4011491e+00   1.0000000e+00   4.0922373e-03
  -9.7053371e-01   1.0551264e-03  -1.0595351e+00  -1.6326097e+01  -4.0983630e+00   1.0000000e+00   4.0906348e-03
  -1.3488590e+00  -1.0485410e+00  -1.3213604e+00  -1.4242121e+01  -8.8873117e+00   1.0000000e+00   4.0900358e-03
   8.3793857e-04  -1.9798686e-04  -8.2214844e-01  -1.8482052e+01  -1.1064875e+00   1.0000000e+00   4.0634029e-03
   4.4740517e-04   4.6993314e-05  -7.1834518e-01  -1.8660844e+01  -6.5544288e-01   1.0000000e+00   4.0555963e-03
  -3.1490815e-04   3.2606609e-05  -9.8528315e-01  -1.8210808e+01  -1.9044649e+00   1.0000000e+00   4.0465476e-03
   6.3830531e-04  -1.2198164e-03  -9.4548068e-01  -1.8274315e+01  -1.7012847e+00   1.0000000e+00   4.0433799e-03
  -1.4846339e+00  -1.4652494e+00  -1.4955883e+00  -1.3167688e+01  -1.0710081e+01   1.0000000e+00   4.0391227e-03
   2.1112871e-04  -1.2230901e-04  -7.1862105e-01  -1.8660778e+01  -6.5710525e-01   1.0000000e+00   4.0194478e-03
  -1.2754119e+00  -1.0241166e+00  -1.2953498e+00  -1.4397227e+01  -8.4865584e+00   1.0000000e+00   4.0192024e-03
   1.2988184e-04   1.4363848e-03  -1.1748381e+00  -1.7903079e+01  -2.7832150e+00   1.0000000e+00   4.0116765e-03
  -1.2807829e+00  -9.8164621e-01  -1.2843074e+00  -1.4479184e+01  -8.2603255e+00   1.0000000e+00   3.9722822e-03
  -1.3939544e+00  -1.2698095e+00  -1.3895032e+00  -1.3721160e+01  -1.0067428e+01   1.0000000e+00   3.9686086e-03
  -1.2183648e+00  -8.3565487e-01  -1.2622400e+00  -1.4829507e+01  -7.2563064e+00   1.0000000e+00   3.9453239e-03
  -1.2731922e+00  -1.0107566e+00  -1.2837391e+00  -1.4436805e+01  -8.3779911e+00   1.0000000e+00   3.9407809e-03
  -1.7458014e-04  -8.8552066e-04  -1.3611412e+00  -1.7614998e+01  -3.3943414e+00   1.0000000e+00   3.9299416e-03
  -1.2467336e+00  -9.5388337e-01  -1.2607930e+00  -1.4594666e+01  -7.9315222e+00   1.0000000e+00   3.9284821e-03
  -2.6538466e-04   7.4417460e-04  -1.2570292e+00  -1.7775486e+01  -3.0975007e+00   1.0000000e+00   3.9210449e-03
   3.5342785e-04   2.2070473e-05  -6.2147920e-01  -1.8830477e+01  -3.0147359e-01   1.0000000e+00   3.9161645e-03
  -9.0864165e-05  -9.3835631e-04  -1.4772353e+00  -1.7440102e+01  -3.5639710e+00   1.0000000e+00   3.9142691e-03
  -1.2285390e+00  -2.2116538e-03  -1.1833547e+00  -1.5714010e+01  -5.8173527e+00   1.0000000e+00   3.9123934e-03
   5.0065358e-04   5.1618347e-05  -6.7688717e-01  -1.8732855e+01  -4.9424991e-01   1.0000000e+00   3.9019604e-03
  -1.3501446e+00  -1.1997514e+00  -1.3453340e+00  -1.3941294e+01  -9.6259416e+00   1.0000000e+00   3.8871534e-03
   1.1793934e-03   6.8312269e-05  -8.7020394e-01  -1.8400264e+01  -1.3340044e+00   1.0000000e+00   3.8835142e-03
  -1.4885166e+00  -1.4607043e+00  -1.4964529e+00  -1.3171612e+01  -1.0708519e+01   1.0000000e+00   3.8671454e-03
  -3.7510461e-04  -4.4831777e-05  -9.9791672e-01  -1.8189964e+01  -1.9666757e+00   1.0000000e+00   3.8662663e-03
  -1.2392822e+00  -9.1264119e-01  -1.2613068e+00  -1.4674937e+01  -7.7025003e+00   1.0000000e+00   3.8662263e-03
  -1.2616884e+00  -1.0023747e+00  -1.2463821e+00  -1.4507249e+01  -8.1737027e+00   1.0000000e+00   3.8658620e-03
   2.9315600e-04   7.7502910e-05  -8.7870257e-01  -1.8387750e+01  -1.3781486e+00   1.0000000e+00   3.8640524e-03
  -1.3916488e+00  -1.2017983e+00  -1.3816026e+00  -1.3856321e+01  -9.8014602e+00   1.0000000e+00   3.8606525e-03
  -1.2576580e+00   3.3663018e-04  -1.1954532e+00  -1.5649524e+01  -5.9757252e+00   1.0000000e+00   3.8551859e-03
  -1.0518664e+00   1.0486309e-03  -1.0588516e+00  -1.6194321e+01  -4.4945129e+00   1.0000000e+00   3.8401239e-03
  -1.3714472e+00  -1.1524197e+00  -1.3651291e+00  -1.3984442e+01  -9.5234820e+00   1.0000000e+00   3.8380856e-03
  -1.3544973e+00  -1.1906233e+00  -1.3339623e+00  -1.3965513e+01  -9.5712836e+00   1.0000000e+00   3.8350314e-03
  -1.3307327e+00  -1.1317715e+00  -1.3157052e+00  -1.4118548e+01  -9.2139712e+00   1.0000000e+00   3.8239890e-03
  -1.3488593e+00  -1.0485387e+00  -1.3213567e+00  -1.4242129e+01  -8.8872911e+00   1.0000000e+00   3.8112373e-03
   1.7428179e-04  -6.6271611e-05  -8.2391871e-01  -1.8480398e+01  -1.1178300e+00   1.0000000e+00   3.8111425e-03
  -2.0804614e-04   7.3650044e-04  -1.3053749e+00  -1.7700701e+01  -3.2510364e+00   1.0000000e+00   3.8045572e-03
   2.2507874e-05   7.3261684e-05  -6.6358452e-01  -1.8756976e+01  -4.4742023e-01   1.0000000e+00   3.7901575e-03
  -3.4854887e-04   8.2319923e-04  -1.4625008e+00  -1.7462163e+01  -3.5520905e+00   1.0000000e+00   3.7731508e-03
  -1.2576535e+00  -8.4646629e-01  -1.2394598e+00  -1.4791359e+01  -7.3697985e+00   1.0000000e+00   3.7716560e-03
  -1.1919560e+00   1.4222107e-04  -1.1658398e+00  -1.5799149e+01  -5.6100525e+00   1.0000000e+00   3.7704614e-03
  -2.9656460e-04   8.8788034e-04  -1.2385941e+00  -1.7803921e+01  -3.0320858e+00   1.0000000e+00   3.7677249e-03
  -2.0401651e-03  -3.3157364e-04  -1.0385394e+00  -1.8120310e+01  -2.1593719e+00   1.0000000e+00   3.7670546e-03
   1.0385145e-04   1.5110251e-03  -1.1388663e+00  -1.7960018e+01  -2.6292200e+00   1.0000000e+00   3.7650368e-03
   1.8907576e-04  -6.3875301e-06  -8.0208988e-01  -1.8517499e+01  -1.0176266e+00   1.0000000e+00   3.7622030e-03
   9.3607154e-05  -6.6653784e-04  -5.1413167e-01  -1.9021490e+01  -3.8996450e-03   1.0000000e+00   3.7587028e-03
  -1.2701874e+00  -1.1485248e-03  -1.2778562e+00  -1.5501365e+01  -6.3128657e+00   1.0000000e+00   3.7515869e-03
  -1.3186419e+00   6.0046156e-04  -1.2991941e+00  -1.5393580e+01  -6.5272896e+00   1.0000000e+00   3.7307856e-03
  -1.3036405e+00  -1.1816068e+00  -1.3361768e+00  -1.4033125e+01  -9.4067278e+00   1.0000000e+00   3.7216963e-03
  -1.3236607e+00  -1.0527603e+00  -1.3178215e+00  -1.4266808e+01  -8.8338970e+00   1.0000000e+00   3.6977482e-03
  -1.4146558e+00  -4.1909191e-05  -1.4264074e+00  -1.5053743e+01  -7.0165074e+00   1.0000000e+00   3.6919665e-03
   1.6774503e-04   6.6442914e-06  -7.9405414e-01  -1.8531242e+01  -9.8130735e-01   1.0000000e+00   3.6865753e-03
  -1.6421897e-04   8.3425947e-04  -1.2755324e+00  -1.7746639e+01  -3.1592484e+00   1.0000000e+00   3.6716451e-03
  -1.3614845e+00  -1.2193961e+00  -1.3395237e+00  -1.3899032e+01  -9.7136981e+00   1.0000000e+00   3.6706196e-03
  -1.1202520e+00   1.0364972e-03  -1.0503135e+00  -1.6098081e+01  -4.7734152e+00   1.0000000e+00   3.6702839e-03
  -2.4222712e-04   7.2883811e-04  -1.2608562e+00  -1.7769580e+01  -3.1106809e+00   1.0000000e+00   3.6619478e-03
  -2.8081609e-03   4.0637731e-05  -6.6638647e-01  -1.8746608e+01  -4.4886368e-01   1.0000000e+00   3.6615780e-03
  -1.3213072e+00   6.1930595e-04  -1.2767748e+00  -1.5424142e+01  -6.4650445e+00   1.0000000e+00   3.6611777e-03
  -1.3869743e+00  -1.2764761e+00  -1.3803902e+00  -1.3725063e+01  -1.0058639e+01   1.0000000e+00   3.6555415e-03
  -1.3719772e+00  -1.2692418e+00  -1.3976662e+00  -1.3736178e+01  -1.0037436e+01   1.0000000e+00   3.6507950e-03
  -1.1689726e+00   3.3848725e-04  -1.1941573e+00  -1.5790720e+01  -5.6312112e+00   1.0000000e+00   3.6433234e-03
  -1.0613907e+00   1.0485464e-03  -1.0794469e+00  -1.6145640e+01  -4.6381764e+00   1.0000000e+00   3.6424241e-03
   2.3891115e-04  -3.2922639e-04  -1.0930737e+00  -1.8035499e+01  -2.4249651e+00   1.0000000e+00   3.6391486e-03
  -1.3717462e+00  -1.1450309e+00  -1.3650357e+00  -1.3997515e+01  -9.4918730e+00   1.0000000e+00   3.6355042e-03
   7.7937262e-04  -1.7049159e-03  -1.1718912e+00  -1.7906875e+01  -2.7676871e+00   1.0000000e+00   3.6342869e-03
  -1.3110032e+00  -1.0617288e+00  -1.2970258e+00  -1.4287929e+01  -8.7819813e+00   1.0000000e+00   3.6262189e-03
   4.7812997e-04   1.8569800e-04  -6.6999274e-01  -1.8744888e+01  -4.6819453e-01   1.0000000e+00   3.6119941e-03
  -1.3616609e+00  -1.2068041e+00  -1.3409148e+00  -1.3920818e+01  -9.6692326e+00   1.0000000e+00   3.6056922e-03
  -1.2604342e+00  -8.5477808e-01  -1.2391838e+00  -1.4774464e+01  -7.4178636e+00   1.0000000e+00   3.5989911e-03
